**表 65.34（全部单位等待行）。** 目标和剩余距离两列只解释编号，不是附加状态字段。

| 65.等待行 | 状态 | 目标读取态 | 剩余距离 | 执行一次 W 后继 |
| --- | --- | --- | --- | --- |
| 65.W25 | 25 | 1 | 1 | 1 |
| 65.W26 | 26 | 1 | 2 | 25 |
| 65.W27 | 27 | 1 | 3 | 26 |
| 65.W28 | 28 | 1 | 4 | 27 |
| 65.W29 | 29 | 2 | 1 | 2 |
| 65.W30 | 30 | 2 | 2 | 29 |
| 65.W31 | 31 | 3 | 1 | 3 |
| 65.W32 | 32 | 4 | 1 | 4 |
| 65.W33 | 33 | 5 | 1 | 5 |
| 65.W34 | 34 | 5 | 2 | 33 |
| 65.W35 | 35 | 5 | 3 | 34 |
| 65.W36 | 36 | 5 | 4 | 35 |
| 65.W37 | 37 | 5 | 5 | 36 |
| 65.W38 | 38 | 5 | 6 | 37 |
| 65.W39 | 39 | 6 | 1 | 6 |
| 65.W40 | 40 | 7 | 1 | 7 |
| 65.W41 | 41 | 8 | 1 | 8 |
| 65.W42 | 42 | 8 | 2 | 41 |
| 65.W43 | 43 | 8 | 3 | 42 |
| 65.W44 | 44 | 8 | 4 | 43 |
| 65.W45 | 45 | 9 | 1 | 9 |
| 65.W46 | 46 | 9 | 2 | 45 |
| 65.W47 | 47 | 10 | 1 | 10 |
| 65.W48 | 48 | 11 | 1 | 11 |
| 65.W49 | 49 | 12 | 1 | 12 |
| 65.W50 | 50 | 12 | 2 | 49 |
| 65.W51 | 51 | 12 | 3 | 50 |
| 65.W52 | 52 | 12 | 4 | 51 |
| 65.W53 | 53 | 12 | 5 | 52 |
| 65.W54 | 54 | 12 | 6 | 53 |
| 65.W55 | 55 | 13 | 1 | 13 |
| 65.W56 | 56 | 14 | 1 | 14 |
| 65.W57 | 57 | 15 | 1 | 15 |
| 65.W58 | 58 | 15 | 2 | 57 |
| 65.W59 | 59 | 15 | 3 | 58 |
| 65.W60 | 60 | 15 | 4 | 59 |
| 65.W61 | 61 | 16 | 1 | 16 |
| 65.W62 | 62 | 16 | 2 | 61 |
| 65.W63 | 63 | 17 | 1 | 17 |
| 65.W64 | 64 | 18 | 1 | 18 |
| 65.W65 | 65 | 19 | 1 | 19 |
| 65.W66 | 66 | 19 | 2 | 65 |
| 65.W67 | 67 | 20 | 1 | 20 |
| 65.W68 | 68 | 20 | 2 | 67 |
| 65.W69 | 69 | 20 | 3 | 68 |
| 65.W70 | 70 | 20 | 4 | 69 |
| 65.W71 | 71 | 20 | 5 | 70 |
| 65.W72 | 72 | 20 | 6 | 71 |
| 65.W73 | 73 | 21 | 1 | 21 |
| 65.W74 | 74 | 22 | 1 | 22 |
| 65.W75 | 75 | 23 | 1 | 23 |
| 65.W76 | 76 | 23 | 2 | 75 |
| 65.W77 | 77 | 23 | 3 | 76 |
| 65.W78 | 78 | 23 | 4 | 77 |
| 65.W79 | 79 | 23 | 5 | 78 |
| 65.W80 | 80 | 23 | 6 | 79 |
| 65.W81 | 81 | 23 | 7 | 80 |
| 65.W82 | 82 | 23 | 8 | 81 |
| 65.W83 | 83 | 24 | 1 | 24 |

